E1 Scores: [75752, 16760, 78160, 35224, 79852, 7056, 36136, 81600, 80700, 80732, 27140, 80352, 81276, 67332, 67452, 79876, 59468, 33176, 30432, 79952]
E1 Highest Tiles: [4096, 1024, 4096, 2048, 4096, 512, 2048, 4096, 4096, 4096, 2048, 4096, 4096, 4096, 4096, 4096, 4096, 2048, 2048, 4096]
E1 Score Sum: 1178428, Avg: 58921.4
E1 Highest Tile Sum: 65024, Avg: 3251.2
E2 Scores: [77800, 78964, 36260, 76180, 35964, 129468, 36164, 22376, 21572, 81140, 23244, 32220, 30180, 79088, 71136, 77980, 112892, 80368, 21592, 130984]
E2 Highest Tiles: [4096, 4096, 2048, 4096, 2048, 8192, 2048, 2048, 2048, 4096, 2048, 2048, 2048, 4096, 4096, 4096, 8192, 4096, 2048, 8192]
E2 Score Sum: 1255572, Avg: 62778.6
E2 Highest Tile Sum: 75776, Avg: 3788.8
E3 Scores: [34484, 14368, 132372, 110808, 36184, 60588, 58724, 32460, 75772, 70556, 36100, 30304, 132688, 56428, 131156, 55412, 120088, 80384, 27100, 22356]
E3 Highest Tiles: [2048, 1024, 8192, 8192, 2048, 4096, 4096, 2048, 4096, 4096, 2048, 2048, 8192, 4096, 8192, 4096, 8192, 4096, 2048, 2048]
E3 Score Sum: 1318332, Avg: 65916.6
E3 Highest Tile Sum: 84992, Avg: 4249.6
E4 Scores: [34300, 77848, 25324, 45960, 60436, 148200, 56504, 71428, 120244, 36128, 26432, 59228, 60092, 132964, 78808, 27144, 33836, 80396, 60732, 59524]
E4 Highest Tiles: [2048, 4096, 2048, 4096, 4096, 8192, 4096, 4096, 8192, 2048, 2048, 4096, 4096, 8192, 4096, 2048, 2048, 4096, 4096, 4096]
E4 Score Sum: 1295528, Avg: 64776.4
E4 Highest Tile Sum: 81920, Avg: 4096.0
